<?xml version="1.0" standalone="no"?>
<!DOCTYPE svg PUBLIC "-//W3C//DTD SVG 20010904//EN"
 "http://www.w3.org/TR/2001/REC-SVG-20010904/DTD/svg10.dtd">
<svg version="1.0" xmlns="http://www.w3.org/2000/svg"
 width="1350.000000pt" height="835.000000pt" viewBox="0 0 1350.000000 835.000000"
 preserveAspectRatio="xMidYMid meet">
<metadata>
Created by potrace 1.16, written by Peter Selinger 2001-2019
</metadata>
<g transform="translate(0.000000,835.000000) scale(0.100000,-0.100000)"
fill="#000000" stroke="none">
<path d="M0 7750 l0 -600 6750 0 6750 0 0 600 0 600 -6750 0 -6750 0 0 -600z
m1524 431 c23 -24 34 -41 27 -45 -6 -4 -11 -23 -11 -42 l0 -34 -65 0 -65 0 0
34 c0 19 -5 38 -11 42 -12 7 57 84 76 84 6 0 28 -17 49 -39z m-833 -484 c131
-70 146 -251 26 -338 -56 -41 -64 -38 -69 22 -3 49 -2 51 28 64 40 16 62 72
45 113 -5 15 -12 38 -13 52 -2 17 -8 23 -18 21 -35 -11 -133 -12 -161 -2 -22
8 -31 7 -33 -2 -31 -117 -24 -161 29 -183 24 -10 33 -19 29 -29 -8 -21 -38
-19 -59 5 -28 31 -39 24 -15 -10 14 -19 30 -30 46 -30 19 0 24 -5 24 -25 0
-14 -6 -25 -13 -25 -29 0 -95 60 -117 105 -62 129 36 285 180 285 30 0 63 -8
91 -23z m4406 -173 c5 -15 7 -15 15 0 6 10 23 16 48 16 l40 0 0 -65 c0 -51 -3
-65 -15 -65 -8 0 -15 9 -15 20 0 15 -7 20 -26 20 -17 0 -28 6 -31 20 -4 15
-14 20 -40 20 -22 0 -32 -4 -27 -11 3 -6 17 -8 31 -4 18 4 24 2 21 -7 -3 -7
-19 -14 -36 -16 -26 -3 -34 2 -43 21 -16 36 3 67 42 67 18 0 32 -6 36 -16z"/>
<path d="M437 6853 c-11 -10 -8 -153 3 -153 5 0 7 7 4 15 -5 12 5 15 55 15 46
0 61 -3 61 -14 0 -8 -8 -17 -17 -19 -14 -4 -12 -5 5 -6 21 -1 22 2 22 84 l0
85 -63 0 c-35 0 -67 -3 -70 -7z"/>
<path d="M3400 6808 c0 -33 -3 -39 -12 -30 -17 17 -35 15 -58 -8 -26 -26 -26
-72 0 -95 17 -15 24 -16 45 -7 15 7 25 8 25 2 0 -6 7 -10 15 -10 12 0 15 17
15 95 0 78 -3 95 -15 95 -11 0 -15 -11 -15 -42z"/>
<path d="M12495 6806 c-12 -18 -13 -30 -5 -50 12 -33 68 -86 91 -86 23 0 86
64 91 94 10 50 -47 87 -80 54 -9 -9 -15 -9 -24 0 -20 20 -56 14 -73 -12z m74
-3 c9 -17 11 -17 23 0 9 12 23 18 39 15 19 -2 25 -10 27 -36 3 -26 -3 -39 -31
-67 -19 -19 -40 -35 -47 -35 -25 0 -80 67 -80 97 0 16 3 33 7 36 13 14 52 7
62 -10z"/>
<path d="M11862 5158 c-2 -148 5 -179 45 -197 34 -16 1212 -15 1247 0 39 18
47 52 43 199 l-3 135 -2 -143 c-2 -137 -3 -144 -27 -167 l-24 -25 -609 0
c-585 0 -611 1 -633 19 -23 18 -24 27 -30 168 l-5 148 -2 -137z"/>
<path d="M4870 5182 c0 -42 4 -52 38 -85 21 -20 45 -37 53 -37 19 0 79 61 79
81 0 8 -17 32 -38 52 -33 32 -44 37 -85 37 l-47 0 0 -48z"/>
<path d="M2134 4535 c-19 -15 -19 -16 1 -13 11 2 20 -3 19 -9 -1 -7 -2 -20 -2
-28 -3 -23 -32 -18 -41 8 -8 20 -10 19 -31 -24 -28 -58 -22 -105 21 -154 57
-64 140 -70 204 -14 40 35 59 87 51 134 -7 38 -24 54 -36 35 -4 -7 -19 -12
-34 -12 -14 0 -26 -5 -26 -10 0 -5 4 -7 9 -3 5 3 12 -4 16 -15 4 -13 19 -23
38 -27 29 -6 30 -7 8 -15 -18 -6 -27 -4 -41 11 -15 19 -18 19 -33 4 -23 -23
-30 -11 -19 31 6 22 7 38 1 42 -16 9 -10 24 10 24 11 0 22 4 26 9 7 12 -31 25
-45 16 -5 -3 -10 1 -10 9 0 21 -59 21 -86 1z"/>
<path d="M969 1392 c21 -26 78 -92 125 -147 66 -77 83 -102 73 -110 -74 -57
-277 -229 -273 -232 2 -2 39 3 82 12 294 61 482 100 634 131 233 47 223 43
169 64 -234 91 -321 125 -364 142 -27 11 -66 26 -85 33 -19 8 -105 41 -190 75
-85 34 -168 66 -183 70 -28 9 -28 8 12 -38z"/>
</g>
</svg>
